00000101101000111011010101100110
00000100000000011011111111110010
00000110000111000001100001111000
00000101101001100101000011000011
00000100101001001001001111011100
00000100001010111001010100101010
00000101111011010000110100011001
00000101010001011011010001001100
00000111110100010010101111111001
00000111111010111100010001011100
00000111010011110011000110000010
00000100001110101110010010011001
00000101110110001101001101100101
00000111111111110111100111100001
00000101010100000000011010001110
00000100110000000001101000011100
00000110101110000111100001111001
00000100100011110010101100101010
00000110000001101000001100011100
00000101000111100111010011111011
00000110000010011110010001001011
00000111110101001010111101011100
00000110111111011001010101111010
00000101100001101010110100001011
00000111000001011101011011001010
00000101110011010101110000110011
00000101100000100010010101101010
00000110011000100010101101111011
00000111110011011000001100000001
00000101011101000110110001011100
00000111110010010010110111111000
00000101011001101000101010000100
00000100110010010010110000111111
00000100101010110011010000010101
00000101100010111111110101110100
00000101101000110101101111010010
00000110111101100111010111000001
00000100010100110111000100100100
00000110110110011010010001010101
00000101010111011010010000001100
00000100110111001101001010011001
00000110001111010110011110011000
00000111100011000001111000111010
00000111100100001110100111010011
00000111011011000111111101111001
00000110011111010010001000111110
00000101110101100111110110010100
00000111111000110111110111101100
00000100101010100101011000101010
00000111011101110100110000010111
00000101100101001100110010111111
00000101101111010101111010010111
00000100001000011010001100101111
00000101001101011011010000110000
00000100101100000011110100001011
00000111101110011011100000010101
00000101100010101111111000010100
00000110000010101101000100101001
00000110100001101011100110110101
00000101110111000001111101010000
00000101110010000100000110111001
00000110111010110000010010101001
00000100101001000011111001011111
00000111111100000001110111100000
00000111100101110011001101001000
00000101111100100000010011000110
00000111111111111101100010111100
00000100000110101010001101111000
00000100100110000001100100001111
00000101101011100011000100001111
00000100111011101010100110011011
00000100000111101100001010101100
00000110110111011001111100110001
00000101000101110111111111110101
00000101001010111110100011101110
00000101100101100111000111010010
00000110100000111101000101110101
00000111111010110011100111001101
00000100011011000101101110100000
00000110100111110110110010110000
00000110010001110010001111101101
00000111000011000101001001001100
00000111011011001010010111001011
00000110100000010101111011110111
00000111100011111011000111101111
00000100110000011110010101100100
00000110010100010111110100010001
00000110100010101110110101010111
00000101010000111100010000011101
00000100100011111001101101000100
00000100101010000111111010010100
00000111011001010100111100100100
00000111001100000010001101011101
00000101001101111111110010011111
00000110001000010101010000111111
00000110101100011010011001100110
00000100000111010000011111100100
00000100100101110000101011010001
00000110110011000101101000011100
00000100000000101011101011101110
