01111001010111100010001110110100
01111000000011101010001001010011
01111001001110011100011011110111
01111001001111001001000111110011
01111010111100110100000101111110
01111011011001001110100100000110
01111010111110010100011011101000
01111011010110001010011011001000
01111011000110000000110011000101
01111001011010111111011001010011
01111001010001010001000100010100
01111001000100010001100001001000
01111001110010001000011100111001
01111010100001001110100100001100
01111001100111110110110010110001
01111011110011100000101001000001
01111001111000100111111011111101
01111011010001011010110011111000
01111001011011010000001101000000
01111001111100101000001011100011
01111011000010000111110110111000
01111010000111101001001010100010
01111001011110000000001110100000
01111010000100111001100110101011
01111011110110110001110001000001
01111011000010001110100001110000
01111010001001111010100110110000
01111011110010001111110000101111
01111011110011010001000100111000
01111010000111001001111000001110
01111000101100110101011001000101
01111000001110001000100111010100
01111010101001010001111111110110
01111001011101010001010100010010
01111010000011100101111011101100
01111010100011101011101011010101
01111001001001001110001011011110
01111001101010100011100010010100
01111011110001011101001010011100
01111000000100001010100101111000
01111011001100000010010111001100
01111001110111000010110001111100
01111000101111001011000001010101
01111010001001100011010010000101
01111000011101011111010111110010
01111011100110100010110000001100
01111000100110010011110111100100
01111010111011111111010110111010
01111010001000001111011110011001
01111011100010001010000100100111
01111011001100010011011100010001
01111000111010011011011111110100
01111011001000101100001101110000
01111000001010111010011010101111
01111001010010100110111101100000
01111001110001011110100111111011
01111001001101010111110001110011
01111001101111000111010100011110
01111010000011100110110011100111
01111001011100111010111001001110
01111011011011001011110000000101
01111011000100000110000001010110
01111001101111111000100110011100
01111010011011110101000110110010
01111001110100011110110011001010
01111010111110011010111100011100
01111011100011010000110011000100
01111000111010011101100111100101
01111010100001011001100111110001
01111010100101001011100001011111
01111000000111000001001001000000
01111010000011100101101101101100
01111000011110101100000010001011
01111011001110010100111100111000
01111001101010001001001000101001
01111000100111101110110001000110
01111001101011100001011001010000
01111001111001011010011001000110
01111011010000111011000100010111
01111011001001110110001010010110
01111000110011101000101110111000
01111010111001001110011101011001
01111001001101111010110010110000
01111010001101111001100101001001
01111001010011011101100000000001
01111001100111111010110010111000
01111000011001101001111100010010
01111011100101011110110100010111
01111011101111000010011001101000
01111000000011100110000011000101
01111010001010010000100101010010
01111011010110011111111110001011
01111000010001010101011110001010
01111001101000001000110110011000
01111001000111010001100110101001
01111011000001001011101010100110
01111000001011001111010010111011
01111010110001101101110011110100
01111010010100110101011100000111
01111011011000000111010100010000
