01110101000011101011001000001111
01110011110011111110101110001111
01110010101101100001010011010001
01110001000111001010000010011001
01110010110011100001011111100010
01110001100110110000100111111111
01110111111101011000110101000000
01110101000111000110110110110010
01110011001000101101011010111111
01110000110110110110000010011010
01110101000001000000111011101101
01110100100010111100101010110001
01110101000001111100000010010001
01110011100111001010010001001100
01110000010011111111110111111000
01110100000010001011011011010011
01110110000011111111010010110001
01110111100001001010111011101101
01110001111011010110001001111110
01110111101000010110110111011111
01110000011010101111111010100100
01110101110010111101001100111000
01110111001001011010011011000010
01110101100010010001101110101100
01110011000000010111000010000110
01110011101101111111010001110001
01110101111110010000011110110100
01110001011010011111011001010001
01110100010001100110101010011111
01110011000100111110001010100010
01110101101111111110110110001100
01110011101000001000100001000100
01110011101111011110110100100010
01110000110110100111101111000001
01110100110011010000001110010010
01110100101111110011100111010000
01110011011011110111001010110100
01110001111111011111110101000010
01110000010101110000101010001000
01110000011111101011001001000011
01110011100111101100011110100101
01110100001111111110111001110011
01110011100101010011010111111000
01110101110110000101101110100110
01110101111111010101011000100010
01110011010111011001011111110001
01110001001101000001011000001010
01110000010100011011110101100000
01110111111101011010111111100000
01110111000011010100010000010010
01110011001000010110100101011000
01110011100100100010100011011111
01110110100001011100111011010111
01110011010001001001010010000000
01110111011010100101101000100011
01110101010011110001001111011000
01110001010100001111110100110101
01110011000011010000000101110111
01110111010101111001111000111010
01110011001010000000011001110010
01110100100100101101011100000011
01110001100110111100111101000010
01110011110001111100001000111101
01110010101000111000110011100111
01110010011110110011111010100101
01110101100101001010000101010000
01110010011011001111100001011111
01110011111011110000111101010010
01110010010100000010000101110101
01110100010001101110010111011001
01110011010110100010111000011100
01110101000001001111010001110111
01110110100101101000101011010101
01110111011111100011110011101111
01110110000111011010110011100110
01110101010110001101001110111110
01110011001010011101111110101101
01110000110110101010110001000011
01110001101111110010000110010101
01110101110001100010000100011011
01110010000000100011111110011010
01110000011010110010011101001000
01110000000000011101110011101101
01110101001010011010100001110100
01110111101010000001100011100111
01110011001010101000101010110001
01110001001100100110010110100111
01110010101111011110010000100000
01110100010001010110011011011100
01110101111001100101001111111110
01110011111110000110001000110000
01110011011010001111001010100100
01110110101000011001011010001011
01110101111011010110011111110010
01110110111000111000100000111100
01110010110001011011000100011001
01110011111101100010110111000010
01110011100010100011100101111001
01110011000000011000110001100010
01110101100110111011111001111100
