01010111101110101001110011101111
01000111011000100101011111111100
01000000110000000100101100001111
01000111101111001011100110111010
01000011011011000111101110000001
01001000001100010011011110110110
01000011011111010101010011000001
01010001100111011111010011101100
01001000001100111001100010010000
01011101111111101001101110100010
01011000001000011110101101110110
01011011011000110110000000000101
01011100001100111000101110010111
01010010001001000110001010010111
01010000110100111011110001001111
01011011001001001010110110101001
01000010111011101010010111100111
01010100110100100101000111011010
01000101101011001010101000100111
01001011000010010000101011000000
01001000101001010111110101010010
01010101100011000001001111110011
01010100110101000101000010100111
01000010000101011001101011010100
01010000111011100011011001001100
01000011010001100110110110001100
01010011001001011001000110111101
01000000110001010111010000100110
01000110100110101110101010010101
01010000101101000111111110111010
01001110110100111000110110000111
01000000011001010001000100111000
01011001010010010011000101001110
01000100001010101011001010100010
01001110010100100100101101010111
01000101000011111110100110000011
01001001001001111010011110111000
01000101101110101111011110011001
01000000100110111001011100011010
01010011010010101010010000011011
01011001001111101111000011100000
01000111011111111101010110111110
01001110000111111001111000011000
01011000110001001101001110110010
01011010011010001000111000110111
01010010001010101100100101101110
01011100011111001101010001111101
01001001010111011001010010110100
01011101100100001010101011011001
01010010001110101010000100011001
01000110001100100101100101111100
01011110100010110101110111101000
01000100110000011001111100000101
01011100001101110111111110010011
01010000011001001101110011011010
01010100100111100011011001000101
01011001011000110110111100111100
01010011001101110110100100010000
01010101010010001001110011011110
01001000000101000111001001001110
01001010110000101100100110001111
01011111001101100011100000110100
01010011001110101001000110010000
01001001110110100000001110111100
01011100001110111100100101100100
01011110000001000011011000110111
01001110010001010010101100111010
01011001100000001011000001110011
01011010101111000010110001000101
01011111111100001111000111010100
01010000011110011101110000111000
01010101010011100100110011011111
01001100010000011101100111111001
01011010010011010100110000111100
01001010101100101010001000001110
01010111011011111000110101101111
01001011110011101001010101101001
01010000010110011111110101011101
01011111110010111010100101111100
01000101000010100000100011011110
01000010110100000000100100101000
01000001110011011101011110000001
01000101111111000000100001111011
01010100110111101010001101000101
01000001001110000000000101011111
01000000100100111000100011110001
01000001101101001000100111111111
01011111011011110110111011111110
01011101010011101010000001110101
01010011101011011011110011100110
01001001110011101100000100101101
01000011000000100110111111001100
01011100111010010001011100111001
01010111000110000001101101101010
01011000110111111101010000110000
01010110011110111100101000110101
01011110101000001011000110010010
01011010101001101001111101000011
01010110101100001000000001000011
01010010010110111111010011001100
