00010100001111110111000111100110
00010111010100100011111010110010
00011110000110111001101111101100
00011111010110001100011101011001
00011110000100101100000010011110
00010110011010101101110101010000
00011001100110110011011010111110
00010111000011101011100100111001
00010111101010001001101100101111
00011101000100101110011010111111
00010010101101011110110000111000
00010001000110000000010101100110
00011101111100111101111110010100
00011010011100100010111101010110
00010110111111011000001100110001
00010000001101001101100010110111
00010111010001101001111101000100
00010101011011110101110101000110
00011001110011101000011010100001
00010011000010000011100100100111
00011110110100000001001010111110
00011011010000101111000110100100
00010011001000110110100100100001
00010000000011110010101110010011
00010110011110000100000101001001
00011100001100010000000101010111
00010000111101011110001011000110
00011001101011101001100001011011
00011011000011111011110000001010
00011000001110110000100100100011
00010000010100101111101111100010
00011000100111010011011100011100
00010100001011111001011110101101
00011001001101100010010011100111
00011001010000101101000110110101
00010111010010100011111100001010
00011011001110011100001001101110
00011110110100101001010000000111
00011000100001011110010001100100
00011000000000010100100101101001
00010001011010001000101000010011
00010111010001110000111011100000
00010010000101100100100010000101
00010101000111100010010100010101
00010011100000110110101111000000
00010011101100111011100010001110
00011110101001010011101111111100
00011101111100010111010000011011
00011010101111011000011011110011
00010000111101111101001010001000
00011010010110101100000001110000
00011111101000001011100101100000
00011101100000001011000111000010
00011010101011111110110010110011
00011001101001010011011111011110
00011100101001100111000000011011
00010010101110010101011100110000
00011100111110001111111101101101
00011001100101010000011101100110
00011100111010111010010101110000
00011000001000010011101110010110
00011111100000000110001011101010
00011100000001111010001111011110
00011110101010111110000001000001
00011001100101001011000011110100
00010100010000011111010110100011
00010010001011001110010110010001
00011101011001100000110010000101
00011110111101110011000011011000
00011011110101010010111101000001
00011101100110100110111101000101
00011011101110111111100100110101
00010100110001010010100011000000
00010010000111001000011000011101
00010011011101111101011011110010
00011111101100101111011111100101
00010111111100000010010011110111
00011011010001110000001111011010
00010001001011010010010101111110
00010101011011001100011100011100
00010100101111110001111111110110
00011100111001011010001001110110
00010010011001110101111011110110
00010000110000111101110011000010
00010111011110111010100101000100
00010110001000111011100101111100
00011000100100101111000011111000
00011000101011110000001000101001
00011011011100010100001111010111
00010001111110011111100110000100
00011111101101011101110001010100
00010011101000000010100111111111
00010000000101001111110010101011
00010010000110011010110110010101
00011010110110010100110011111111
00011100110101001010100000101000
00011011011101110100010001101111
00010000100100001011101001011100
00011000111001111010001111001100
00011111001010000100111001101110
