00001000110011010011110101011011
00001100111011000110000100000111
00001111000100110000111000011111
00001011101001110010100010000101
00001100101000001010110100100001
00001001000001101010011110101111
00001001001010111001110100110001
00001010101010010001101011101101
00001110111011001010101001000000
00001001100011100100110101111001
00001001101010100000000101000111
00001110000110011101001100000010
00001110110101101100010101111110
00001100010110010111110101110001
00001011110101100001010111100000
00001010011100110111010101100100
00001011111011001110101001011001
00001010000000111011011010011000
00001111101010001010001010101010
00001100010010001011011100010110
00001110100011101110101101100010
00001101110110010111101000100111
00001001010111000110001101100000
00001101001001110000100111011000
00001010000101111001101001010100
00001011000110010000111110111010
00001011001111101001100011001010
00001011100110001101001000100001
00001001111100000001110101111110
00001001111011100110000100010011
00001101001010000111100011101011
00001111110010011110110100010011
00001111100010011101000111101110
00001110000010011111011000100111
00001101101101010000001111100001
00001011000000011011010011110100
00001111111111101011111100110000
00001110000111001111001000000001
00001010110111001000100100111001
00001000101000110011101110011101
00001001001101011000111010011000
00001010001101100001010101110001
00001010000110101110101101110111
00001111101001000011010011110000
00001001101011001000111011110110
00001011100000101100000011101110
00001011110000001000011101100110
00001000011110111111001110000111
00001100111101101010010111000111
00001001110110000110011010101010
00001010000000000100100111000100
00001011011010010111111110011111
00001110111101000011101010100111
00001001011110100001111000101000
00001001010001000001100011000110
00001100001010000000011011001010
00001110001100000000110100100011
00001101101000101010001001001100
00001011011110100101100001111011
00001111010110010110010011011011
00001110011010000011110001111001
00001111000111111101011100011111
00001001110111010100000110010000
00001100000011111011101000011111
00001011010000001001101011001100
00001100110011000000010110111111
00001011010110000000101110001010
00001101000011101100001110110110
00001011010000000000101110011111
00001111100110100101110110100100
00001010100100011010010000001110
00001011010111001011100000011100
00001001011110011011101101011101
00001000001110011000101100011010
00001100010100010111000111000010
00001100100000101100011000101110
00001000011001111000010111111000
00001011011111110000011110010011
00001101101001101110000011101000
00001110111110000101010010001101
00001001010011101110111010101110
00001110101010001000110111101110
00001001101101111110011101101001
00001110011101111110111010011111
00001101001110000000100100000011
00001001010110101000110111011110
00001101000000100100100001111101
00001001011011011101011001011110
00001000010101100100010011001000
00001000010101001111000100100000
00001001100000100011101101000100
00001001010111100010001010100110
00001101000010011000100011000011
00001100111110101011100111010111
00001001010110001000010101010111
00001011111000000000101001101010
00001011110010010010101001001101
00001101111010000111001000001100
00001110000000110001000000000100
00001100100100010101101001001000
