01110110011110110100110101100110
01110010011011110011001110001110
01110100100101111011100100110001
01110100000101011101101100010010
01110110010101101011111110011010
01110111111101010011010001011100
01110010000010010110010100011010
01110010000110100111000110101100
01110111011001000100001111111101
01110101011011000011000010101001
01110010111011110000100010001010
01110001101100001011000001000011
01110011000111011110111000101000
01110001011101001011010110011100
01110100110110010110010000101100
01110111010011000110011011110011
01110101111000001100111111001010
01110101001101010000010111101010
01110001010001011111111100100110
01110011001110111101111010010010
01110111000001010001000000010110
01110001101010000001100110100100
01110101100111001101011010010100
01110000111011000111100010101100
01110101001010001000011101110010
01110010110011110000010110111011
01110101001000110001111011111001
01110111111010000110011100001101
01110101010010100000111001101010
01110011000110001001101100011011
01110010000001001011001011001110
01110110100111000100001010110100
01110000101100010010001100010100
01110010000000101000000000001011
01110111110010001101010010111011
01110111100010110001001010000111
01110111100111110000001011111110
01110111101110100010010011001110
01110000101100011101010110010111
01110000110110010110100001110001
01110100110011100000001111110001
01110011100000110100110101101010
01110111111001001010000001110000
01110111011000010100000110010000
01110001101100101100101011011101
01110111101010110010010101001101
01110011110011010011110001000001
01110001100011111000011101101011
01110110001010101111110011100011
01110000101100111111111000001101
01110110000011100101001111101110
01110110001110011111101101110011
01110011101001100000001001101100
01110101111000110011100000010000
01110110000110001100110111110101
01110111100100001111011111111001
01110101110010100100001111111110
01110100100100010111001101001010
01110000100010110101001110000010
01110011110110011001011101110110
01110010011101100101101111110110
01110100010100010000001111001101
01110100110101000011111101011100
01110110100011001110100010111101
01110001110000110101111111111110
01110100000110101001110001110011
01110011000010110000110110010010
01110111010111100101100010000111
01110110011110010001100111011110
01110101011010111101000100100111
01110101010100001011000110110111
01110101010100100001101010111011
01110000101100011000110111101001
01110101000111000011011010110011
01110101010001011111100110101001
01110001101010100001011001010100
01110000011111000101110100100011
01110111000010011100000101010001
01110111111000110111110001101001
01110100000101110110011100000011
01110001000111101110010001001001
01110011001011001100010101100000
01110000101010011110100001000100
01110101000111011000111000010101
01110010001010010011110000101011
01110010100000111110110100101011
01110111101100011001110011100111
01110111111010011110110111011000
01110101110000010100100001110100
01110101111001000101001000111101
01110011000001000101001100000000
01110110110010000110000000111110
01110110000101000110111010101111
01110010101010010001000010001001
01110001100011100000000000110000
01110011110000111110011100010100
01110111011000000100101101010001
01110010110100010000101000101101
01110100001101110101010010011000
01110100000100101010000110100110
