00100100101101111001110011000010
00111000010100111110010011011101
00100000100010001000010010101010
00111011001100000000110001000101
00111001110001001101000111011000
00110110001110011101101010011111
00101001011001100010001110010000
00101010110011010000110010010010
00111011011011011011010101110011
00110001001010110101000110100110
00100111101000011111011001110111
00111011011000011110001000110101
00101011011000101011000110011100
00100100111101111011111101110000
00101010100010111001111011011101
00100010001010101011010001100001
00111111001011110001100000111011
00101000010000110101001101001111
00110000100010111110000101100000
00100001010001101111101111011000
00111010010011100100111010011111
00111101011111011100110111001010
00111100010001011101110000010000
00110111100100000000011011111101
00110100001110001011111110000000
00101011010100111101100100000001
00111100100111000010001111010010
00110001000001110000111100001001
00101001110011111100011101110110
00110001111011010000100101101000
00100001011000001100010000011111
00110110000101111100010101111011
00110111100101000001010011100000
00101111011010110000101010100011
00110010100110111100001001001110
00100010101101000010101011000000
00101010011001100101010011011000
00111100000001110010000000111101
00100011010000010010100111101010
00101001110110101111010101011110
00111101001011100111110001110000
00101011100011101101110011000100
00111001001111110011111000100011
00100111111100110001111111001111
00101110100101101101000111010001
00111110010011111101000100000001
00100010100010000111000011100111
00110010010001101101111000000010
00111010101011101100000111111111
00100101100001101110101110100111
00101010110001001001010010010001
00101101000100100100011010100010
00101011101111100111111001011101
00110011011001011010111010011000
00101000111101101001101110101111
00101100000011101001110011000001
00111110011010000010101111000011
00101000100010010101000010100100
00110000101010100000000111110101
00111111010010000111110101101011
00110011100011011101001110100110
00100011100111100010111000001011
00101110001001110010111111011011
00101110000000111001111000011011
00111011011011001000101111101011
00100101010111001101101011100011
00110000101101010110011000000111
00110100001001011111110111111110
00101110100100000110111001101111
00110111000110110111100101101101
00101101110101010110000010100011
00100110110010101101000111101000
00111110101010111000011001000010
00100010001000001001101100011011
00100011110001100001011011001001
00101011000010110001000010111101
00110111010100011001001000011111
00100111010111101110001111101111
00100001111110001001010110101111
00100001001001111011010001110001
00110000001000010101101111111000
00110001100000001001110110010001
00100000011111100101111000101010
00101101101110001001111110101111
00110101001010111011001010011001
00101100010001011010011010110000
00101110010111011111011100000000
00100011110011101000001011010101
00101110111100100101100001010000
00110100111100011000011010100010
00101001111010110001010010111100
00101100011100110110010110011011
00111100011100010110101101001001
00100000010101110100101111101101
00110000101110111000100000010000
00100011111111110110101011010011
00100110101000111110001111111101
00100110000110110001110011100000
00111000100010000100011111000001
00101011100100110011100100100100
