00111001110110100101010111011000
00100011010110001010110101011100
00100001111111111110100010000111
00100100101011101000000011111101
00110101010010101111101100111100
00110011010111100000001001111111
00110100010100111110100011000000
00100111100111111010100001000101
00110000010010101010101110011110
00101010001110001010010100111001
00100100100010100100001010101110
00100100010010100000100001000101
00100111111001100111101101110000
00111101000100010100010000101110
00110110111001101100101001110010
00110101001011001000110010110111
00110110101011100100000001000101
00100101001110101101010101110000
00111000001011100111100100101011
00100111110011100110011010001000
00101000101000100100011000010001
00111111000001011001111010000110
00100000011011110110010100001100
00111100111000100111010000100010
00111100011010001111111110100101
00101001101101001001000011111001
00100101101011010000000110110010
00101010001000001010100011010011
00100101101101011000000000111100
00111111001101000010100101100011
00100111101000001010101100001000
00100011010110111001000010001010
00111101010100100001100000011100
00100100011100000010001101001100
00100000101101000000001010100101
00110000001010000101001011100010
00101110010010100100101111101100
00110101111111010101000101011010
00111111110100000100100101111011
00101101010000100010010100100000
00110000010111110010010111011000
00100010100110100001011011010110
00100111011101000110100111001100
00100111010010000000100101100010
00110110000001100010011100101100
00100101101100101011101110110100
00101010111110110011001001110011
00111111010111001010101110100101
00100000000001001100100000011011
00110001001000011101101000110011
00110011101110100100010101011111
00111100100100101101110000001110
00111000110110101000011010011111
00111001001011001011010001000100
00111011001010100001110011001010
00111111010000010110100101001011
00111011110110110110010111001000
00100010101010101111100110010100
00110100011110010111101100000010
00100100000101000110101110010100
00101110101100011111101100101000
00101100011101011001011100111001
00110001011001110101100001111110
00110111000001010110111010010000
00100001101101011010101001111101
00111010110110011110010010101001
00111011101111010010101011001001
00101110000010010011100011111101
00101010010101111100111100101011
00100101010000110101101111110110
00101111111001001010000011011001
00101110101100100011110110001000
00111011011111101100001111110010
00111101100000101101011010110001
00100111010011100100101011010011
00111010000011011110010100011101
00111101010110011001110111100110
00101110100101111100111100110100
00100010101000101110101001110100
00111010001100011010010110101010
00110111000011101110100011110100
00110100001100110001010011100101
00110110000011101000000100100111
00100101101001101010100000110010
00111110011110011100001111000110
00110101110010001010110101100100
00101000000110111011001111101110
00100001101000101110010101110001
00101100110011011001111110010100
00100010110110011111110101001000
00101011111001000010010110001010
00111111111101010011110000111011
00101100101110110100110000110100
00101010001111001010101101101101
00101011111101010010111111101001
00100100011000011010101010111110
00100111100011010110011001101000
00100010100110011110110100101001
00111011010111000010001110110000
00111101110011100011001101100100
