01010000101011001001110001101001
01001100000010010000100111110001
01011110010000000100101000111101
01000110010111110000110110101000
01011101010110000110000010000011
01001001110010001111110101001010
01011001110011111110111000010110
01001010000000011000001001000011
01010110100101101001110111100110
01000101000110010111011010001110
01001011000011101111000001011001
01001100100010100011000010101010
01011100011110110111010001111111
01000100001000011110100010110110
01000101010111010100000100100011
01001001010100010001011010110101
01000100010101101010011001001000
01010100110001011010111110010001
01000000110111111001001000001111
01000010010101100110100101111111
01011011110111011111000101100100
01011010111111011110000100110011
01001001000111001101011010000001
01010111110110011100001110000001
01000110010101111110001100101010
01011101000111111111101001110000
01011010010110101010010100010110
01001111110010010000101111000100
01001001011000010010101101110100
01000010010011001101101111110101
01011111111011100110100111010010
01001001110110011101001101001111
01000110111010011101001000001110
01001010001101001011110111111011
01011011111101110011101001111101
01001101011101001100011110111001
01011011101111001110000001001010
01010001100001010111010101010110
01011011100100001111010000001010
01001111000110011001101101001111
01001110011011110000011001100111
01000100100000011010001101110111
01000111101010010100111100010101
01001111100111111100000110111101
01001111101011011100100110010001
01010111001101010010011100110100
01011100001011001001010011110000
01001010100011001001011000011000
01010100001000110111011110001110
01010101000000011001010101000101
01001010111101010101000110110010
01010001101101011010010000111111
01001001100011100011100010000111
01000111010010001110100000101001
01000110001011101010101101000101
01000000010100011110111010001111
01011011000010010000000111010011
01010111010100111110000010011010
01000100110101010101111010111011
01011100101100011001001110100010
01011110011001000010001101000110
01010111011110100001111101010000
01000010101111100000001111111000
01001000000001001000100110011111
01000010010110111110001010011011
01000110001011100101100110110100
01011011010110110111110000110110
01011110110000111101101100010000
01010000000000011111010110100101
01001010000100010001101101010100
01001001011001001011111011110111
01011011011001110000101111101101
01011101101010101101111110001001
01000010000001111000101111100000
01001111110111001111010010001010
01001100111110110000010011111111
01011001001100101001011110101000
01010001001011110011001110000101
01000000010110010110100010111011
01000101010110001000111011011101
01000000110100100111100010110111
01010101000111010010110010000101
01011011011001000111101001111111
01010011100101000100011111001101
01001011000000010110000000001101
01000010111011100111010001100010
01001101111010010001110000111010
01000111010001100010000000001001
01010001110010001111110000010101
01011101101001111110111010100010
01000010000110000010110110100001
01001011111110101000000001110001
01011010111001111000101110100111
01000100000000011001010100101010
01000101010001010111111101111000
01000001111010100111110110110110
01010101111000011000011110101110
01010101010100011100101001100010
01010010001101001000010000110100
01001001111111010111101010000100
