01101010001000001001110000100111
01101000100001100110111111010110
01101001101000100101110010001110
01100011001111010101110000001101
01101001100101111000101110101101
01101111101110100100111001111100
01101010000011101100000001000110
01101011100010111110001001001010
01101011001011111101011011100111
01100111100111000111101011111100
01101110010110011001000100111101
01100010011011010110101110001001
01100101111010000100010110111010
01101110101101110101001110001101
01101100000100101111000001001011
01100110000000111111010000101101
01101100101010000000010110001100
01100111111101101011101111010010
01100011000101100110001000110010
01100010010110111101110011100110
01100111101000001000011000000100
01101110110010000100100001111101
01100101111101100111001111001000
01101110001000101011110010010101
01100010001001100001100111111111
01101001100111110110000101011001
01100011101101101011000101111101
01100100011100011101010110000101
01101111001011011100111100111110
01101001110100001100100010111101
01101000110111110000010010001010
01101100011100010111110111111101
01100001100101111010110011011000
01101101011110100101011110000101
01101000111111010010111101000100
01101100110110100000100001110101
01101101110001110111001001000111
01100100011110111110111000000000
01100010100110100011101000011100
01100101100001111011010010000011
01100011100001010010000101111101
01101110010100010001010101101100
01101100011010110001011111111011
01101100010111010011101010001001
01101101011010010100010111001000
01100011000110101111000111111110
01100001001101111101010110001101
01101000110100110011000000011111
01101011000110110101000011000011
01101010000101010001010100011010
01100010000100011101000101101000
01101001101111011011011111011001
01101111110010001101110101100111
01101001001111010000111110001111
01100000010100001100111000011000
01101000001011010100110011000001
01100111000100110011100100000110
01101001100110111101000111101011
01100101110101010000000101011100
01100101110010010001101100011010
01100010101010010001101011001111
01100100100110010001001101101100
01100110101101100111011101100100
01101101011001010011110110100010
01100001001100000000101100101011
01101101111100111001100110110000
01100011010010110000111110110111
01101100110110000100111110100100
01101110101110111100001010100011
01100010011011000010100011010000
01101111001100001000010011011111
01100001011110010110000001101100
01101011010000011101001110011010
01101110001110001011001111001101
01100001010111101110001111001011
01100000011110000010110001010100
01100011011111101100011011111100
01100101101100011000110000111011
01100001111110110000100000100111
01100110011101110011100110001010
01101110100110000010011100001011
01101101010101101100101111001101
01101100101110110101100011111101
01101111100000011010101010011001
01101100011100101001010000000001
01100011001001011101110110110001
01100001100111000011001000001010
01101011110001110111101010111100
01101111101110000101001010010011
01101101110110101111000000001010
01101110000010111101110000011100
01101000100011111011010100101111
01100010110011111001000000110111
01100010100100110000111000010010
01100100000101101110000001110000
01101101000101100100101011011110
01101111010101011100000011001011
01101010111111100111100110001101
01101101110111011101011111100111
01100110000111110010111001011000
