00000110011011100101001111111111
00000101100110011100100010010110
00000111111000101100011111101001
00000110000001010111110100000111
00000111001010110110100100110000
00000101111101101001100001111111
00000111010101000001010010010100
00000110111010101100001000110110
00000111000010101110100100011111
00000110000010100010000100010000
00000100110111110100100111011010
00000101101001000000011001110111
00000101011110111011111011101110
00000111011100110111110111111101
00000110110111110100110100010000
00000110111101000101001110011110
00000110101111100001100000001001
00000100010001110110110100000001
00000100101110000011101100110110
00000111000001110001000110011110
00000111000001101001000101001001
00000101010101010111010000101011
00000101110000001110001011110011
00000111111111000101101001010100
00000101101010110101011000110010
00000110011010011000011101101000
00000110000010010100010011101001
00000110001001001000111110001011
00000111111000111011001111000111
00000100110100010010000001111000
00000101101010001110001101100101
00000110101000001100000100110010
00000100010111110100110011101011
00000100100101000001000111000101
00000100110100011100110001001011
00000101001101111000110000110001
00000100101010111011110110011101
00000100001001101010000101011100
00000101001011111111010011010010
00000110101111110110110010101000
00000100001110010001000110100101
00000111110010010111000001001110
00000110110100111111000000000100
00000100101101001010011100010011
00000101010010101110100011011000
00000111100101111011010010100100
00000100110001001001011100101100
00000101100100101011110100101110
00000101111010101000000111110110
00000100111101001101110001011010
00000111100111110001101100001111
00000111000111100110001100011000
00000101000110100111111101100111
00000110011000000110011011010010
00000111111101000000111000100001
00000101100100011010101101010010
00000100111101011011111000110111
00000111000110000110110110110110
00000110101110100101001111110010
00000101000011110010001011011011
00000110010101001111110010001111
00000101000010011100101000001010
00000101001010111101000101010111
00000111111001111010110010110001
00000111001001110111001110111010
00000110111101000000101100010001
00000110100011001010100101000010
00000110111101000010110111000000
00000100011011011001001010000100
00000101111110011011111011101010
00000101100110110111110010010010
00000101100001110000100100100101
00000111111001111111011011111111
00000101001010100000000001111000
00000110011000001001011000100010
00000111100101111111011001100011
00000100111111011010001101101010
00000101000001110101000101101111
00000110111011101111101100100010
00000101001101000010000100111101
00000111100011100011000001001101
00000100000000101000001110110101
00000111000111001011011001000000
00000101001011100010000010101100
00000101001010001001101011000010
00000110111100001111110001011110
00000111110111110001110001110010
00000111110111000000000101011100
00000100001100100110110011001010
00000100111001011010111101110010
00000110111111011101111001110001
00000100010111001111110111011110
00000101010100001111010001110010
00000110100001001010010100101001
00000101001000010010010011011011
00000110100101101011111100100000
00000110001000001110101011111100
00000110011001011100110000110011
00000100100101111001001110010110
00000110010000010111110011011110
