011011000011011010111011101001101
011000000111111100100100010101111
011001001110010111011110011101011
011011101100111110101000000100100
011011000111000111010011000101001
011001111111101100100111010111101
011000000101000001000010100110101
011000101110101010000111101001011
011011110111011101010111111110110
011011001110111010111000001001010
011010110011101100001100010011100
011000000010000101000011010100100
011000000000100100111010101001110
011010001001101000010011111010111
011010111001001011001101010101111
011010110011010000011111011110000
011001101001110100110000001110111
011011101100011101110011000101100
011000011111100001010100011010110
011001110010011100010000100000110
011000001001111010001010000000000
011010011101001000001010000100100
011000000100101110000101110100010
011010001110010011101101001110011
011011010100011110010110111101001
011001001000010110010101010011100
011001111001110110111111100101000
011000110000011000100111100111111
011011011100010111000000100000010
011000111101011100100101110001010
011001110101101011001110111011000
011001101000001010000011111010000
011001001000000001111001110000000
011011101110011110111101111000111
011001010100110111010111001111000
011000100000010110001010110100100
011011011011011011110110101101110
011011010010000011011001110011100
011010110100110011101000000110010
011000011000111111011011000111111
011011001111011010111100000111010
011010010001101000111110000110010
011011011011110011100110110000101
011010100100111011100011010111000
011010011000110000100000011000111
011011100000101000000011111100110
011011001011101011010101011111010
011010100010000010101111001111110
011001000111001101001001001101010
011001011110101111100100110000010
011000100111000110000000111111000
011001110101010011110111100000001
011010000111110101100111101111110
011001101101101010101101101001001
011001011001001100011011001001100
011011111000001000110111111001100
011010001100000001101101011010101
011000011000000101001001100000001
011011011000111101010010000011101
011001111011100100100101001111100
011010110000110010110001000110001
011000110010110111000011110111100
011011011111011010101111001110110
011011001111000110110001110100111
011011111011000101011101000010011
011000000100001111001000011100010
011010100001100101110111101111111
011000001100111100011001111000000
011000110110101010111001100010110
011001001110010111010111001100011
011000111000110110010010110111101
011001001111111100000011000110010
011011100010011010010100000101111
011011111100110101111110011101001
011001100100010000100111011000110
011001011010001010001000001001000
011011001111001111110000101101100
011011110111001111001000000100000
011001110011101101101001011001110
011001011000000110000101000010011
011010100000111010001010100111011
011001010000001000110001001111111
011010011010010001011101011010100
011000011100110111110011001011111
011011011010011011000000100000110
011000101000010100111000100011100
011000011110011101011110000111001
011010011001000010001001111001010
011010111011110000001110001001000
011011001110000111001001111110011
011000000010010011111100000101010
011011110011101010001011001011111
011000111010001001001101111010010
011010011000110110001100011111101
011011101110111000000111111111000
011001100010101110101100101100001
011010011001111011110000101010000
011000010000011010110000110010100
011000001010100001111100000001001
011010111010010010101001111100011
