01111001100000100100011010000111
01111000100100100100110111001100
01111010011001111010111010100010
01111011011101111001110100101111
01111011000001000001010001001111
01111011011001001110110000110011
01111010111110010111011110000000
01111011011001100100100000000101
01111011000110000110111101010110
01111001011011100001011110001111
01111010000001100100010011011100
01111010110100011101111110111011
01111010101101011111010010111110
01111011110100000100000001110001
01111001110101001001011111010110
01111011110011110100010011110010
01111010111011101000010111100001
01111011010011110110111010100000
01111001011100010001010000001111
01111011110001100000110111101111
01111011101010001110000100111110
01111010001000010110010100100111
01111001100000001111100001110010
01111010001010010110011000011000
01111011110110110010001011101110
01111011000010011101011111111011
01111010001010010000010100001011
01111011110100000010100110101110
01111011110011010001110110100111
01111011110101100011110011001010
01111010110000010011110001101100
01111010011101010100001100100110
01111010101001011000110100011101
01111010010100001011111000101101
01111010001000101101011110011100
01111010100100100010101001111010
01111001001101100111101111111001
01111011011100110001000011001011
01111011110001011101010000001100
01111011111100111010011100101110
01111011001100000111000100001110
01111001111011010000011101110001
01111010011001110111010001110010
01111011010110001001011110100110
01111010011100100111110010011000
01111011101101111100110011001000
01111011101000110010101001101110
01111011001100001110011100011100
01111011010000101111010101000011
01111011100010001011101001110010
01111011001100011000001101011110
01111011101100101110010110110000
01111011001001000011011010111100
01111010010000110011110001011011
01111001010011100011001111110001
01111010001001101100110011010000
01111010111011110111000101000101
01111010001110111010111000011010
01111011101000111001001000101111
01111011011111011110110001000000
01111011011011001100000101100101
01111011010000101101010001101000
01111011001000101101101100000001
01111011111000011011100001101100
01111010100001011010000010100000
01111011000101011100111001100001
01111011100110100111010000101101
01111011010001010001100100101101
01111010100001011111110011100011
01111010100101101000000011011001
01111010000010011111111101101110
01111010000011101100100111001001
01111001111101110001010101101101
01111011010101111100100010001110
01111010100011000100010011111100
01111010101100100000101011010101
01111011100011101100111001001010
01111010010011001100001100101000
01111011010001101001010011110110
01111011001001110111111101010010
01111010101010110100111111111011
01111011111101011011001001110010
01111001011010100011000010001011
01111010011011110011010111111011
01111001010111110000101010101000
01111001101101000010010001001110
01111000101000100000000110001101
01111100000000101100010001101110
01111100000011110101000110111100
01111011101111001111100100100011
01111011111011010100111100001111
01111011111000010011101100101100
01111011000100010011011111011100
01111010111010000111101100111101
01111010111100011100010100000001
01111011111000111011001001000000
01111011110101011001000010111000
01111010110010000000011010100101
01111010011000011000100111111000
01111011011101100001001001010111
