00100010110001110110101011001100
00011111100000110111111111100100
00100011101110000011000011110000
00100010110011001010000110000110
00100000110010010010011110111000
00011111110101110010101001010100
00100011010110100001101000110010
00100010000010110110100010011000
00100111001000100101011111110010
00100111010101111000100010111000
00100110000111100110001100000100
00011111111101011100100100110010
00100011001100011010011011001010
00100111011111101111001111000010
00100010001000000000110100011100
00100001000000000011010000111000
00100100111100001111000011110010
00100000100111100101011001010100
00100011100011010000011000111000
00100001101111001110100111110110
00100011100100111100100010010110
00100111001010010101111010111000
00100101011110110010101011110100
00100010100011010101101000010110
00100101100010111010110110010100
00100011000110101011100001100110
00100010100001000100101011010100
00100100010001000101011011110110
00100111000110110000011000000010
00100010011010001101100010111000
00100111000100100101101111110000
00100010010011010001010100001000
00100001000100100101100001111110
00100000110101100110100000101010
00100010100101111111101011101000
00100010110001101011011110100100
00100101011011001110101110000010
00100000001001101110001001001000
00100101001100110100100010101010
00100010001110110100100000011000
00100001001110011010010100110010
00100011111110101100111100110000
00100110100110000011110001110100
00100110101000011101001110100110
00100110010110001111111011110010
00100100011110100100010001111100
00100011001011001111101100101000
00100111010001101111101111011000
00100000110101001010110001010100
00100110011011101001100000101110
00100010101010011001100101111110
00100010111110101011110100101110
00011111110000110100011001011110
00100001111010110110100001100000
00100000111000000111101000010110
00100110111100110111000000101010
00100010100101011111110000101000
00100011100101011010001001010010
00100100100011010111001101101010
00100011001110000011111010100000
00100011000100001000001101110010
00100101010101100000100101010010
00100000110010000111110010111110
00100111011000000011101111000000
00100110101011100110011010010000
00100011011001000000100110001100
00100111011111111011000101111000
00011111101101010100011011110000
00100000101100000011001000011110
00100010110111000110001000011110
00100001010111010101001100110110
00011111101111011000010101011000
00100101001110110011111001100010
00100001101011101111111111101010
00100001110101111101000111011100
00100010101011001110001110100100
00100100100001111010001011101010
00100111010101100111001110011010
00100000010110001011011101000000
00100100101111101101100101100000
00100100000011100100011111011010
00100101100110001010010010011000
00100110010110010100101110010110
00100100100000101011110111101110
00100110100111110110001111011110
00100001000000111100101011001000
00100100001000101111101000100010
00100100100101011101101010101110
00100010000001111000100000111010
00100000100111110011011010001000
00100000110100001111110100101000
00100110010010101001111001001000
00100101111000000100011010111010
00100001111011111111100100111110
00100011110000101010100001111110
00100100111000110100110011001100
00011111101110100000111111001000
00100000101011100001010110100010
00100101000110001011010000111000
00011111100001010111010111011100
