00110111010110011101100010110001
00110001101011000111001111110001
00110110010011011001001011111110
00110110111111011101100001110110
00110111001000100000001011101000
00110001101100011100011111001110
00110100110010101111000101110100
00110010111110000010001111001000
00110011000011111100110110011000
00110101011111101001100101000000
00110110011011110100010110111011
00110100110100110000000001011010
00110100101101110000100010011010
00110010100001101000111100000110
00110001100010001110101111100000
00110010111000111100101000101111
00110100001001101001011111010011
00101111111000000011111100110111
00110001100001010010101000100110
00110100001101101101011101100101
00110001010010010100001110010100
00110011111100111011000011001111
00110101101100001111101110111101
00110101111111111110000111001001
00110100000000010111110101011101
00110100110000111011000010101011
00110010110110011101100100011100
00110010010000111010000111111110
00110110001110011000001111111101
00110010000110011111101000100001
00110101000101000100010110010010
00110110010010011000101010100001
00110011100010100100100100010010
00110100111101100110010000010110
00110010001111010101100111100101
00110001011000110011011001001110
00110000000100000010011100011000
00110100101010011011001111111101
00110111010010101100000111101111
00110001101011111010101010000100
00110100110010111011011001011110
00110010101011111000101001010100
00110010010011011100001111111010
00110100101010000011101011100110
00110100101011110111011110110001
00110000001110011001000001100001
00110110111010000011010101010000
00110001010000000011011110101001
00110001011001111010010101101101
00110000111111111101101101010001
00110001111111101011001101011101
00110000001001011110111010010011
00110011001101110100110001001100
00110110111010000101110111100110
00110111001010001100101110100101
00110000101000011110110001111101
00110110111111001101111011010000
00110110001110110101110001110110
00110011111110110110001001001101
00110010010101001111010111000111
00110000110001100011100010011100
00110001100010101001100000110100
00110000011001011101111101110000
00110001001110100001011100111001
00110001000101011001010011001111
00110001110100100011101100111001
00110100110110110001000010100010
00110111001010011001000000010110
00110100111101000010100111011001
00110001111000111011010110100000
00110011101111000011001010100101
00110000011101011111011110101000
00110110001011100010111000000110
00110110111000001000011100001011
00110010011001101101000100011011
00110000001110010001010110010111
00110101010000000001011110110100
00110110010110110111000011000110
00110010110010010011010100110011
00110111010000101000101110001000
00110000001100111011011010111000
00110011111000100001101000110111
00110111011100101011000110010000
00110110000111101110110011101101
00110001000010111111000010010101
00110010101111001011110010001010
00110000101111110001101011000101
00110001010111111101110100111100
00110100101110110010011001010101
00110111000101100011011111000100
00110101110001000001100100011111
00110111001111110101101000010111
00110000111111110100010000100100
00110110111101100110001110010110
00110110011111111011100010101000
00110100001010010001001011010000
00110101111000011100000011101110
00110101000100001111000110100000
00110011110111001111010110101011
00110011010101010100110111100111
