00001010010010101000110011010011
00001010000011111000100110101001
00001110000101001011000011111001
00001100001011001101011100101001
00001100110100101001110000111000
00001101101011101000101110101111
00001001001111111000111010010101
00001011001001110110110001100010
00001011110001000101010100110011
00001101101111101010110001101001
00001100000001100000110010001001
00001010101110110000010110001010
00001110001100110101010111011101
00001101110010010010001101011100
00001010111101001000110100101000
00001111010011111000000111101000
00001000100010000110011011101010
00001000000000100110011010111101
00001100000011010001010101110100
00001101101011011011001001011101
00001111001011101000011010010110
00001000010100110001011001001011
00001101011001000110010101111001
00001001011100111110101101010101
00001010001111000010011011011000
00001010111010000010110011101101
00001011100011011110101100011111
00001011111100101011001001011001
00001011000001010000111100000000
00001001000001111001001100000010
00001110111110101000010110110101
00001100111111101010101111001010
00001001101000100100111000010100
00001011000111001100011111100001
00001010111000111101001011110010
00001010010011010101111100000100
00001100000110010100000011110101
00001110001001110010001011110011
00001111011010010011110010110100
00001011100000100010101001001000
00001110001110001010100000010101
00001110100100110110000010110010
00001101001001000001101001000110
00001111010000110010000111001111
00001100000100111010110011000000
00001010001011111010000110001000
00001010011001010111000010101100
00001101010011000100110011110001
00001000110100110000011111000111
00001011010100010111011100010110
00001110110101000001110000010101
00001011001101011011111000001011
00001110000001001100101100110100
00001001010001001010010000111101
00001110000101011011001111011010
00001010011011001101101011110111
00001101111101110110110000010001
00001000011111100000111011001110
00001010001100111001110111100001
00001111010001100100000110110110
00001001111100100100011101110011
00001010000010011000100111001110
00001110100101101100001111111001
00001001100101110111011010000011
00001111111001111100011011100111
00001010110110110101011001001011
00001110011001110010100101001101
00001111110011100010101101100110
00001010011001001000000011101101
00001011111010001011111001110110
00001111111000001100010000111010
00001010110110100000101001110011
00001101000100100100010010100101
00001010111110101110011011011011
00001100011100110001110111000101
00001001011100010111000010010010
00001011100000000001010111100110
00001011010011010000001111101100
00001011101001101100000110011111
00001110001011100111001001001001
00001110011111000001110010111101
00001100000001111010100101000011
00001010001110110100111101111010
00001111100101010010000101011001
00001111011001001110101110011100
00001111010100010110100110110110
00001110111111110111010011010101
00001010110100110001011100111011
00001011000110110111011111000100
00001000001110101101111001110010
00001100010100001010000011000001
00001110001111011110100000100001
00001000010101010100100001011010
00001110111001000101000100001000
00001101100111100101011101011001
00001100010111110100101111001001
00001101101000111101001011011000
00001010000110011010101001111011
00001111101101010101101011001100
00001001000110011110011111101110
