00111101111101101001010101110110
00111000010101100010101101010111
00110111111111111111101000100001
00111000101010111010000000111111
00111100110100101011111011001111
00111100010101111000000010011111
00111100100101001111101000110000
00111001011001111110101000010001
00111011100100101010101011100111
00111010000011100010100101001110
00111000101000101001000010101011
00111000100100101000001000010001
00111001011110011001111011011100
00111110110001000101000100001011
00111101001110011011001010011100
00111100110010110010001100101101
00111101001010111001000000010001
00111000110011101011010101011100
00111101100010111001111001001010
00111001011100111001100110100010
00111001101010001001000110000100
00111111010000010110011110100001
00110111100110111101100101000011
00111110101110001001110100001000
00111110100110100011111111101001
00111001111011010010010000111110
00111000111010110100000001101100
00111010000010000010101000110100
00111000111011010110000000001111
00111111010011010000101001011000
00111001011010000010101011000010
00111000010101101110010000100010
00111110110101001000011000000111
00111000100111000000100011010011
00110111101011010000000010101001
00111011100010100001010010111000
00111011000100101001001011111011
00111100111111110101010001010110
00111111011101000001001001011110
00111010110100001000100101001000
00111011100101111100100101110110
00111000001001101000010110110101
00111001010111010001101001110011
00111001010100100000001001011000
00111101000000011000100111001011
00111000111011001010111011101101
00111010001111101100110010011100
00111111010101110010101011101001
00110111100000010011001000000110
00111011110010000111011010001100
00111100011011101001000101010111
00111110101001001011011100000011
00111101101101101010000110100111
00111101110010110010110100010001
00111110010010101000011100110010
00111111010100000101101001010010
00111110011101101101100101110010
00111000001010101011111001100101
00111100100111100101111011000000
00111000100001010001101011100101
00111011001011000111111011001010
00111010100111010110010111001110
00111011110110011101011000011111
00111101010000010101101110100100
00110111111011010110101010011111
00111110001101100111100100101010
00111110011011110100101010110010
00111011000000100100111000111111
00111010000101011111001111001010
00111000110100001101011011111101
00111011011110010010100000110110
00111011001011001000111101100010
00111110010111111011000011111100
00111110111000001011010110101100
00111001010100111001001010110100
00111110000000110111100101000111
00111110110101100110011101111001
00111011001001011111001111001101
00111000001010001011101010011101
00111110000011000110100101101010
00111101010000111011101000111101
00111100100011001100010100111001
00111101000000111010000001001001
00111000111010011010101000001100
00111111000111100111000011110001
00111100111100100010101101011001
00111001100001101110110011111011
00110111111010001011100101011100
00111010101100110110011111100101
00111000001101100111111101010010
00111010011110010000100101100010
00111111011111010100111100001110
00111010101011101101001100001101
00111010000011110010101011011011
00111010011111010100101111111010
00111000100110000110101010101111
00111001011000110101100110011010
00111000001001100111101101001010
00111110010101110000100011101100
00111110111100111000110011011001
