00011111101100111011000101100010
00010100010110001110011111100011
00011101100110110010010111111100
00011110111110111011000011101100
00011111010001000000010111010000
00010100011000111000111110011101
00011010100101011110001011101001
00010110111100000100011110010000
00010111000111111001101100110001
00011011111111010011001010000000
00011101110111101000101101110110
00011010101001100000000010110101
00011010011011100001000100110100
00010110000011010001111000001100
00010100000100011101011111000000
00010110110001111001010001011111
00011001010011010010111110100110
00010000110000000111111001101111
00010100000010100101010001001101
00011001011011011010111011001010
00010011100100101000011100101000
00011000111001110110000110011111
00011100011000011111011101111011
00011100111111111100001110010010
00011001000000101111101010111010
00011010100001110110000101010111
00010110101100111011001000111001
00010101100001110100001111111101
00011101011100110000011111111010
00010101001100111111010001000010
00011011001010001000101100100101
00011101100100110001010101000010
00011000000101001001001000100101
00011010111011001100100000101101
00010101011110101011001111001010
00010011110001100110110010011100
00010001001000000100111000110000
00011010010100110110011111111010
00011111100101011000001111011111
00010100010111110101010100001001
00011010100101110110110010111100
00010110010111110001010010101000
00010101100110111000011111110101
00011010010100000111010111001100
00011010010111101110111101100011
00010001011100110010000011000011
00011110110100000110101010100001
00010011100000000110111101010010
00010011110011110100101011011011
00010010111111111011011010100010
00010100111111010110011010111010
00010001010010111101110100100110
00010111011011101001100010011000
00011110110100001011101111001101
00011111010100011001011101001011
00010010010000111101100011111011
00011110111110011011110110100001
00011101011101101011100011101101
00011000111101101100010010011011
00010101101010011110101110001110
00010010100011000111000100111000
00010100000101010011000001101000
00010001110010111011111011100000
00010011011101000010111001110010
00010011001010110010100110011110
00010100101001000111011001110011
00011010101101100010000101000101
00011111010100110010000000101101
00011010111010000101001110110011
00010100110001110110101101000000
00011000011110000110010101001011
00010001111010111110111101010001
00011101010111000101110000001101
00011110110000010000111000010110
00010101110011011010001000110111
00010001011100100010101100101110
00011011100000000010111101101001
00011101101101101110000110001101
00010110100100100110101001100111
00011111100001010001011100010001
00010001011001110110110101110000
00011000110001000011010001101111
00011111111001010110001100100001
00011101001111011101100111011010
00010011000101111110000100101010
00010110011110010111100100010101
00010010011111100011010110001011
00010011101111111011101001111000
00011010011101100100110010101010
00011111001011000110111110001001
00011100100010000011001000111111
00011111011111101011010000101111
00010010111111101000100001001000
00011110111011001100011100101101
00011101111111110111000101010001
00011001010100100010010110100001
00011100110000111000000111011100
00011011001000011110001101000000
00011000101110011110101101010110
00010111101010101001101111001111
