00101001110010101000110011010011
00101001100011111000100110101001
00101101100101001011000011111001
00101011101011001101011100101001
00101100010100101001110000111000
00101101001011101000101110101111
00101000101111111000111010010101
00101010101001110110110001100010
00101011010001000101010100110011
00101101001111101010110001101001
00101011100001100000110010001001
00101010001110110000010110001010
00101101101100110101010111011101
00101101010010010010001101011100
00101010011101001000110100101000
00101110110011111000000111101000
00101000000010000110011011101010
00100111100000100110011010111101
00101011100011010001010101110100
00101101001011011011001001011101
00101110101011101000011010010110
00100111110100110001011001001011
00101100111001000110010101111001
00101000111100111110101101010101
00101001101111000010011011011000
00101010011010000010110011101101
00101011000011011110101100011111
00101011011100101011001001011001
00101010100001010000111100000000
00101000100001111001001100000010
00101110011110101000010110110101
00101100011111101010101111001010
00101001001000100100111000010100
00101010100111001100011111100001
00101010011000111101001011110010
00101001110011010101111100000100
00101011100110010100000011110101
00101101101001110010001011110011
00101110111010010011110010110100
00101011000000100010101001001000
00101101101110001010100000010101
00101110000100110110000010110010
00101100101001000001101001000110
00101110110000110010000111001111
00101011100100111010110011000000
00101001101011111010000110001000
00101001111001010111000010101100
00101100110011000100110011110001
00101000010100110000011111000111
00101010110100010111011100010110
00101110010101000001110000010101
00101010101101011011111000001011
00101101100001001100101100110100
00101000110001001010010000111101
00101101100101011011001111011010
00101001111011001101101011110111
00101101011101110110110000010001
00100111111111100000111011001110
00101001101100111001110111100001
00101110110001100100000110110110
00101001011100100100011101110011
00101001100010011000100111001110
00101110000101101100001111111001
00101001000101110111011010000011
00101111011001111100011011100111
00101010010110110101011001001011
00101101111001110010100101001101
00101111010011100010101101100110
00101001111001001000000011101101
00101011011010001011111001110110
00101111011000001100010000111010
00101010010110100000101001110011
00101100100100100100010010100101
00101010011110101110011011011011
00101011111100110001110111000101
00101000111100010111000010010010
00101011000000000001010111100110
00101010110011010000001111101100
00101011001001101100000110011111
00101101101011100111001001001001
00101101111111000001110010111101
00101011100001111010100101000011
00101001101110110100111101111010
00101111000101010010000101011001
00101110111001001110101110011100
00101110110100010110100110110110
00101110011111110111010011010101
00101010010100110001011100111011
00101010100110110111011111000100
00100111101110101101111001110010
00101011110100001010000011000001
00101101101111011110100000100001
00100111110101010100100001011010
00101110011001000101000100001000
00101101000111100101011101011001
00101011110111110100101111001001
00101101001000111101001011011000
00101001100110011010101001111011
00101111001101010101101011001100
00101000100110011110011111101110
