01011010001111000100011101101000
01010111100111010100010010100110
01011001111100111000110111101110
01011001111110010010001111100110
01011101011001101000001011111100
01011110010010011101001000001100
01011101011100101000110111010000
01011110001100010100110110010000
01011101101100000001100110001010
01011010010101111110110010100110
01011010000010100010001000101000
01011001101000100011000010010000
01011011000100010000111001110010
01011100100010011101001000011000
01011010101111101101100101100010
01011111000111000001010010000010
01011011010001001111110111111010
01011110000010110101100111110000
01011010010110100000011010000000
01011011011001010000010111000110
01011101100100001111101101110000
01011011101111010010010101000100
01011010011100000000011101000000
01011011101001110011001101010110
01011111001101100011100010000010
01011101100100011101000011100000
01011011110011110101001101100000
01011111000100011111100001011110
01011111000110100010001001110000
01011011101110010011110000011100
01011000111001101010110010001010
01010111111100010001001110101000
01011100110010100011111111101100
01011010011010100010101000100100
01011011100111001011110111011000
01011100100111010111010110101010
01011001110010011100010110111100
01011010110101000111000100101000
01011111000010111010010100111000
01010111101000010101001011110000
01011101111000000100101110011000
01011011001110000101100011111000
01011000111110010110000010101010
01011011110011000110100100001010
01011000011010111110101111100100
01011110101101000101100000011000
01011000101100100111101111001000
01011101010111111110101101110100
01011011110000011110111100110010
01011110100100010100001001001110
01011101111000100110111000100010
01011001010100110110111111101000
01011101110001011000011011100000
01010111110101110100110101011110
01011010000101001101111011000000
01011011000010111101001111110110
01011001111010101111100011100110
01011010111110001110101000111100
01011011100111001101100111001110
01011010011001110101110010011100
01011110010110010111100000001010
01011101101000001100000010101100
01011010111111110001001100111000
01011100010111101010001101100100
01011011001000111101100110010100
01011101011100110101111000111000
01011110100110100001100110001000
01011001010100111011001111001010
01011100100010110011001111100010
01011100101010010111000010111110
01010111101110000010010010000000
01011011100111001011011011011000
01011000011101011000000100010110
01011101111100101001111001110000
01011010110100010010010001010010
01011000101111011101100010001100
01011010110111000010110010100000
01011011010010110100110010001100
01011110000001110110001000101110
01011101110011101100010100101100
01011001000111010001011101110000
01011101010010011100111010110010
01011001111011110101100101100000
01011011111011110011001010010010
01011010000110111011000000000010
01011010101111110101100101110000
01011000010011010011111000100100
01011110101010111101101000101110
01011110111110000100110011010000
01010111100111001100000110001010
01011011110100100001001010100100
01011110001100111111111100010110
01011000000010101010111100010100
01011010110000010001101100110000
01011001101110100011001101010010
01011101100010010111010101001100
01010111110110011110100101110110
01011101000011011011100111101000
01011100001001101010111000001110
01011110010000001110101000100000
