01010100100011101011001000001111
01010011010011111110101110001111
01010010001101100001010011010001
01010000100111001010000010011001
01010010010011100001011111100010
01010001000110110000100111111111
01010111011101011000110101000000
01010100100111000110110110110010
01010010101000101101011010111111
01010000010110110110000010011010
01010100100001000000111011101101
01010100000010111100101010110001
01010100100001111100000010010001
01010011000111001010010001001100
01001111110011111111110111111000
01010011100010001011011011010011
01010101100011111111010010110001
01010111000001001010111011101101
01010001011011010110001001111110
01010111001000010110110111011111
01001111111010101111111010100100
01010101010010111101001100111000
01010110101001011010011011000010
01010101000010010001101110101100
01010010100000010111000010000110
01010011001101111111010001110001
01010101011110010000011110110100
01010000111010011111011001010001
01010011110001100110101010011111
01010010100100111110001010100010
01010101001111111110110110001100
01010011001000001000100001000100
01010011001111011110110100100010
01010000010110100111101111000001
01010100010011010000001110010010
01010100001111110011100111010000
01010010111011110111001010110100
01010001011111011111110101000010
01001111110101110000101010001000
01001111111111101011001001000011
01010011000111101100011110100101
01010011101111111110111001110011
01010011000101010011010111111000
01010101010110000101101110100110
01010101011111010101011000100010
01010010110111011001011111110001
01010000101101000001011000001010
01001111110100011011110101100000
01010111011101011010111111100000
01010110100011010100010000010010
01010010101000010110100101011000
01010011000100100010100011011111
01010110000001011100111011010111
01010010110001001001010010000000
01010110111010100101101000100011
01010100110011110001001111011000
01010000110100001111110100110101
01010010100011010000000101110111
01010110110101111001111000111010
01010010101010000000011001110010
01010100000100101101011100000011
01010001000110111100111101000010
01010011010001111100001000111101
01010010001000111000110011100111
01010001111110110011111010100101
01010101000101001010000101010000
01010001111011001111100001011111
01010011011011110000111101010010
01010001110100000010000101110101
01010011110001101110010111011001
01010010110110100010111000011100
01010100100001001111010001110111
01010110000101101000101011010101
01010110111111100011110011101111
01010101100111011010110011100110
01010100110110001101001110111110
01010010101010011101111110101101
01010000010110101010110001000011
01010001001111110010000110010101
01010101010001100010000100011011
01010001100000100011111110011010
01001111111010110010011101001000
01001111100000011101110011101101
01010100101010011010100001110100
01010111001010000001100011100111
01010010101010101000101010110001
01010000101100100110010110100111
01010010001111011110010000100000
01010011110001010110011011011100
01010101011001100101001111111110
01010011011110000110001000110000
01010010111010001111001010100100
01010110001000011001011010001011
01010101011011010110011111110010
01010110011000111000100000111100
01010010010001011011000100011001
01010011011101100010110111000010
01010011000010100011100101111001
01010010100000011000110001100010
01010101000110111011111001111100
