01000011101010110010011100011010
01000010100000100100001001111100
01000111000100000001001010001111
01000001000101111100001101101010
01000110110101100001100000100000
01000001111100100011111101010010
01000101111100111111101110000101
01000010000000000110000010010000
01000101001001011010011101111001
01000000110001100101110110100011
01000010010000111011110000010110
01000010101000101000110000101010
01000110100111101101110100011111
01000000100010000111101000101101
01000000110101110101000001001000
01000001110101000100010110101101
01000000100101011010100110010010
01000100101100010110101111100100
00111111101101111110010010000011
01000000000101011001101001011111
01000110011101110111110001011001
01000110001111110111100001001100
01000001110001110011010110100000
01000101011101100111000011100000
01000001000101011111100011001010
01000110110001111111111010011100
01000110000101101010100101000101
01000011011100100100001011110001
01000001110110000100101011011101
01000000000100110011011011111101
01000111011110111001101001110100
01000001111101100111010011010011
01000001001110100111010010000011
01000010000011010010111101111110
01000110011111011100111010011111
01000010110111010011000111101110
01000110011011110011100000010010
01000011111000010101110101010101
01000110011001000011110100000010
01000011010001100110011011010011
01000011000110111100000110011001
01000000101000000110100011011101
01000001011010100101001111000101
01000011011001111111000001101111
01000011011010110111001001100100
01000101010011010100100111001101
01000110100010110010010100111100
01000010001000110010010110000110
01000100100010001101110111100011
01000100110000000110010101010001
01000010001111010101010001101100
01000011111011010110100100001111
01000001111000111000111000100001
01000001010100100011101000001010
01000001000010111010101011010001
00111111100101000111101110100011
01000110010000100100000001110100
01000101010101001111100000100110
01000000101101010101011110101110
01000110101011000110010011101000
01000111000110010000100011010001
01000101010111101000011111010100
01000000001011111000000011111110
01000001100000010010001001100111
01000000000101101111100010100110
01000001000010111001011001101101
01000110010101101101111100001101
01000111001100001111011011000100
01000011100000000111110101101001
01000010000001000100011011010101
01000001110110010010111110111101
01000110010110011100001011111011
01000110111010101011011111100010
01000000000000011110001011111000
01000011011101110011110100100010
01000010101111101100000100111111
01000101110011001010010111101010
01000011110010111100110011100001
00111111100101100101101000101110
01000000110101100010001110110111
00111111101101001001111000101101
01000100110001110100101100100001
01000110010110010001111010011111
01000100011001010001000111110011
01000010010000000101100000000011
01000000001110111001110100011000
01000010111110100100011100001110
01000001010100011000100000000010
01000011111100100011111100000101
01000110111010011111101110101000
01000000000001100000101101101000
01000010011111101010000000011100
01000110001110011110001011101001
01000000100000000110010101001010
01000000110100010101111111011110
00111111111110101001111101101101
01000100111110000110000111101011
01000100110101000111001010011000
01000100000011010010000100001101
01000001111111110101111010100001
