01001100101000001001110000100111
01001011100001100110111111010110
01001100001000100101110010001110
01001001001111010101110000001101
01001100000101111000101110101101
01001111001110100100111001111100
01001100100011101100000001000110
01001101000010111110001001001010
01001101001011111101011011100111
01001011000111000111101011111100
01001110110110011001000100111101
01001000111011010110101110001001
01001010011010000100010110111010
01001110101101110101001110001101
01001101100100101111000001001011
01001010100000111111010000101101
01001101101010000000010110001100
01001011011101101011101111010010
01001001000101100110001000110010
01001000110110111101110011100110
01001011001000001000011000000100
01001110110010000100100001111101
01001010011101100111001111001000
01001110101000101011110010010101
01001000101001100001100111111111
01001100000111110110000101011001
01001001001101101011000101111101
01001001111100011101010110000101
01001111001011011100111100111110
01001100010100001100100010111101
01001011110111110000010010001010
01001101111100010111110111111101
01001000000101111010110011011000
01001110011110100101011110000101
01001011111111010010111101000100
01001101110110100000100001110101
01001110010001110111001001000111
01001001111110111110111000000000
01001000100110100011101000011100
01001010000001111011010010000011
01001001000001010010000101111101
01001110110100010001010101101100
01001101111010110001011111111011
01001101110111010011101010001001
01001110011010010100010111001000
01001001000110101111000111111110
01001000001101111101010110001101
01001011110100110011000000011111
01001101000110110101000011000011
01001100100101010001010100011010
01001000100100011101000101101000
01001100001111011011011111011001
01001111010010001101110101100111
01001100001111010000111110001111
01000111110100001100111000011000
01001011101011010100110011000001
01001011000100110011100100000110
01001100000110111101000111101011
01001010010101010000000101011100
01001010010010010001101100011010
01001000101010010001101011001111
01001001100110010001001101101100
01001010101101100111011101100100
01001110011001010011110110100010
01001000001100000000101100101011
01001110011100111001100110110000
01001001010010110000111110110111
01001101110110000100111110100100
01001110101110111100001010100011
01001000111011000010100011010000
01001111001100001000010011011111
01001000011110010110000001101100
01001101010000011101001110011010
01001110101110001011001111001101
01001000010111101110001111001011
01000111111110000010110001010100
01001001011111101100011011111100
01001010001100011000110000111011
01001000011110110000100000100111
01001010111101110011100110001010
01001110100110000010011100001011
01001110010101101100101111001101
01001101101110110101100011111101
01001111000000011010101010011001
01001101111100101001010000000001
01001001001001011101110110110001
01001000000111000011001000001010
01001101010001110111101010111100
01001111001110000101001010010011
01001110010110101111000000001010
01001110100010111101110000011100
01001011100011111011010100101111
01001000110011111001000000110111
01001000100100110000111000010010
01001001100101101110000001110000
01001110000101100100101011011110
01001111010101011100000011001011
01001100111111100111100110001101
01001110010111011101011111100111
01001010100111110010111001011000
