01010101111110110100110101100110
01010001111011110011001110001110
01010100000101111011100100110001
01010011100101011101101100010010
01010101110101101011111110011010
01010111011101010011010001011100
01010001100010010110010100011010
01010001100110100111000110101100
01010110111001000100001111111101
01010100111011000011000010101001
01010010011011110000100010001010
01010001001100001011000001000011
01010010100111011110111000101000
01010000111101001011010110011100
01010100010110010110010000101100
01010110110011000110011011110011
01010101011000001100111111001010
01010100101101010000010111101010
01010000110001011111111100100110
01010010101110111101111010010010
01010110100001010001000000010110
01010001001010000001100110100100
01010101000111001101011010010100
01010000011011000111100010101100
01010100101010001000011101110010
01010010010011110000010110111011
01010100101000110001111011111001
01010111011010000110011100001101
01010100110010100000111001101010
01010010100110001001101100011011
01010001100001001011001011001110
01010110000111000100001010110100
01010000001100010010001100010100
01010001100000101000000000001011
01010111010010001101010010111011
01010111000010110001001010000111
01010111000111110000001011111110
01010111001110100010010011001110
01010000001100011101010110010111
01010000010110010110100001110001
01010100010011100000001111110001
01010011000000110100110101101010
01010111011001001010000001110000
01010110111000010100000110010000
01010001001100101100101011011101
01010111001010110010010101001101
01010011010011010011110001000001
01010001000011111000011101101011
01010101101010101111110011100011
01010000001100111111111000001101
01010101100011100101001111101110
01010101101110011111101101110011
01010011001001100000001001101100
01010101011000110011100000010000
01010101100110001100110111110101
01010111000100001111011111111001
01010101010010100100001111111110
01010100000100010111001101001010
01010000000010110101001110000010
01010011010110011001011101110110
01010001111101100101101111110110
01010011110100010000001111001101
01010100010101000011111101011100
01010110000011001110100010111101
01010001010000110101111111111110
01010011100110101001110001110011
01010010100010110000110110010010
01010110110111100101100010000111
01010101111110010001100111011110
01010100111010111101000100100111
01010100110100001011000110110111
01010100110100100001101010111011
01010000001100011000110111101001
01010100100111000011011010110011
01010100110001011111100110101001
01010001001010100001011001010100
01001111111111000101110100100011
01010110100010011100000101010001
01010111011000110111110001101001
01010011100101110110011100000011
01010000100111101110010001001001
01010010101011001100010101100000
01010000001010011110100001000100
01010100100111011000111000010101
01010001101010010011110000101011
01010010000000111110110100101011
01010111001100011001110011100111
01010111011010011110110111011000
01010101010000010100100001110100
01010101011001000101001000111101
01010010100001000101001100000000
01010110010010000110000000111110
01010101100101000110111010101111
01010010001010010001000010001001
01010001000011100000000000110000
01010011010000111110011100010100
01010110111000000100101101010001
01010010010100010000101000101101
01010011101101110101010010011000
01010011100100101010000110100110
         00100101010000110100110