01111001000011001101001010110100
01111000011111010100101001101111
01111010011000111110000001101010
01111011011101110101111011100110
01111010010100111001110001111110
01111000001001011001110010110011
01111000101000010011000011000000
01111010101011010000100111101011
01111001001000101001000101001000
01111000000001000010011110000001
01111001111110110100010101110011
01111010110100010011110110001010
01111010101011001110001111010111
01111011110011100001100100101001
01111001100010011100001011111010
01111010010011101010110001011111
01111010111010000101110111110001
01111010100011100000110100111100
01111000010000010000110011101101
01111011110001011001101101101100
01111011100101101100000111010000
01111000110110100101000010010110
01111000100011110110101000011011
01111001100101110011000110110011
01111000111010101100111000011010
01111001011101111100010110110100
01111000100101101101011011001101
01111010111100101101011111111000
01111001001000110111010010100000
01111011110101011000001110001110
01111010110000010000001011000001
01111010011101010000011011100001
01111000101011010010011100001001
01111010010010010110110011011100
01111001100100011110001011000000
01111001011011011111010010101100
01111000100001100110010001101101
01111011011100100011110001011010
01111000010111000001110010100110
01111011111100111010011010001101
01111001000010110100001001110100
01111001010000110110101111010101
01111010011001100111101100010001
01111011010101010110011000000010
01111010011100100000011010100010
01111011001101101000001011110001
01111011101000110010010011011010
01111010111100011101100001111111
01111011001111111101101100001100
01111001001001010010101101000001
01111001000011000100110011001001
01111011101100101101100001111001
01111001100111001101001011101111
01111010010000110000011010001000
01111000001110001001001000100100
01111010000000111101011111010011
01111010111011101000011001001100
01111010000111001001000011010010
01111011101000100101100001111011
01111011011111010111100010010010
01111000010101100000010001011101
01111010111010101001000011110011
01111011001000001101110011011011
01111011110111111111101100100101
01111010011101101100011000001110
01111010101000111101101101001100
01111010111010110011101101000111
01111011010001001111111010110111
01111000101000101111000111100011
01111001001100100001111001111001
01111010000010011010001101011100
01111000001011100101110100011111
01111001111101010010101001101011
01111010111011001000001111000110
01111010100001011011101111011001
01111010101100011010101111101001
01111011100011100110000000110100
01111010001001101011001100101100
01111010000111000111101111101111
01111000101100101110111110001100
01111010101010101011001011100100
01111011111011110110001111111100
01111001000111001011010001100110
01111010001001101101001010101101
01111000110001001100101010011110
01111001000100011101111001011001
01111000010111010110010000001000
01111011111000000001101100101101
01111011111111110011001110111100
01111011101111001111011111101001
01111011111011000111110011111100
01111011110010101011101101001001
01111011000100010010111100110001
01111010111001010111011011010000
01111010111100010000101011001110
01111011110110110001101011101011
01111011110101011000111111011110
01111001010010100110110000101001
01111001101100011001011110001011
01111010110101100111010100011101
