01001101100110110101110111010011
01000111101111111001001000101011
01001001111100101110111100111010
01001110111001111101010000001001
01001101101110001110100110001010
01001011011111011001001110101111
01000111101010000010000101001101
01001000111101010100001111010010
01001111001110111010101111111101
01001101111101110101110000010010
01001101000111011000011000100111
01000111100100001010000110101001
01000111100001001001110101010011
01001011110011010000100111110101
01001101010010010110011010101011
01001101000110100000111110111100
01001010110011101001100000011101
01001110111000111011100110001011
01001000011111000010101000110101
01001011000100111000100001000001
01000111110011110100010100000000
01001100011010010000010100001001
01000111101001011100001011101000
01001011111100100111011010011100
01001110001000111100101101111010
01001001110000101100101010100111
01001011010011101101111111001010
01001001000000110001001111001111
01001110011000101110000001000000
01001001011010111001001011100010
01001011001011010110011101110110
01001010110000010100000111110100
01001001110000000011110011100000
01001110111100111101111011110001
01001010001001101110101110011110
01001000100000101100010101101001
01001110010110110111101101011011
01001110000100000110110011100111
01001101001001100111010000001100
01001000010001111110110110001111
01001101111110110101111000001110
01001100000011010001111100001100
01001110010111100111001101100001
01001100101001110111000110101110
01001100010001100001000000110001
01001110100001010000000111111001
01001101110111010110101010111110
01001100100100000101011110011111
01001001101110011010010010011010
01001010011101011111001001100000
01001000101110001100000001111110
01001011001010100111101111000000
01001011101111101011001111011111
01001010111011010101011011010010
01001010010010011000110110010011
01001111010000010001101111110011
01001011111000000011011010110101
01001000010000001010010011000000
01001110010001111010100100000111
01001011010111001001001010011111
01001101000001100101100010001100
01001001000101101110000111101111
01001110011110110101011110011101
01001101111110001101100011101001
01001111010110001010111010000100
01000111101000011110010000111000
01001100100011001011101111011111
01000111111001111000110011110000
01001001001101010101110011000101
01001001111100101110101110011000
01001001010001101100100101101111
01001001111111111000000110001100
01001110100100110100101000001011
01001111011001101011111100111010
01001010101000100001001110110001
01001010010100010100010000010010
01001101111110011111100001011011
01001111001110011110010000001000
01001011000111011011010010110011
01001010010000001100001010000100
01001100100001110100010101001110
01001010000000010001100010011111
01001100010100100010111010110101
01001000011001101111100110010111
01001110010100110110000001000001
01001000110000101001110001000111
01001000011100111010111100001110
01001100010010000100010011110010
01001101010111100000011100010010
01001101111100001110010011111100
01000111100100100111111000001010
01001111000111010100010110010111
01001001010100010010011011110100
01001100010001101100011000111111
01001110111101110000001111111110
01001010100101011101011001011000
01001100010011110111100001010100
01001000000000110101100001100101
01000111110101000011111000000010
01001101010100100101010011111000
