00111000101011011110011100110000
00111101100101001111100100110111
00110111101000100010000100101010
00111110010011000000001100010001
00111101111100010011010001110110
00111101000011100111011010100111
00111001110110011000100011100100
00111010001100110100001100100100
00111110010110110110110101011100
00111011110010101101010001101001
00111001011010000111110110011101
00111110010110000111100010001101
00111010010110001010110001100111
00111000101111011110111111011100
00111010001000101110011110110111
00111000000010101010110100011000
00111111010010111100011000001110
00111001100100001101010011010011
00111011101000101111100001011000
00110111110100011011111011110110
00111110000100111001001110100111
00111110110111110111001101110010
00111110100100010111011100000100
00111101011001000000000110111111
00111100100011100010111111100000
00111010010101001111011001000000
00111110101001110000100011110100
00111011110000011100001111000010
00111001111100111111000111011101
00111011111110110100001001011010
00110111110110000011000100000111
00111101000001011111000101011110
00111101011001010000010100111000
00111011010110101100001010101000
00111100001001101111000010010011
00111000001011010000101010110000
00111010000110011001010100110110
00111110100000011100100000001111
00111000010100000100101001111010
00111001111101101011110101010111
00111110110010111001111100011100
00111010011000111011011100110001
00111101110011111100111110001000
00111001011111001100011111110011
00111011001001011011010001110100
00111111000100111111010001000000
00111000001000100001110000111001
00111100000100011011011110000000
00111110001010111011000001111111
00111000111000011011101011101001
00111010001100010010010100100100
00111010110001001001000110101000
00111010011011111001111110010111
00111100010110010110101110100110
00111001101111011010011011101011
00111010100000111010011100110000
00111111000110100000101011110000
00111001101000100101010000101001
00111011101010101000000001111101
00111111010100100001111101011010
00111100011000110111010011101001
00111000011001111000101110000010
00111011000010011100101111110110
00111011000000001110011110000110
00111110010110110010001011111010
00111000110101110011011010111000
00111011101011010101100110000001
00111100100010010111111101111111
00111011001001000001101110011011
00111101010001101101111001011011
00111010111101010101100000101000
00111001001100101011010001111010
00111111001010101110000110010000
00111000000010000010011011000110
00111000011100011000010110110010
00111010010000101100010000101111
00111101010101000110010010000111
00111001010101111011100011111011
00110111111111100010010101101011
00110111110010011110110100011100
00111011100010000101011011111110
00111011111000000010011101100100
00110111100111111001011110001010
00111010111011100010011111101011
00111100110010101110110010100110
00111010100100010110100110101100
00111011000101110111110111000000
00111000011100111010000010110101
00111011001111001001011000010100
00111100101111000110000110101000
00111001111110101100010100101111
00111010100111001101100101100110
00111110100111000101101011010010
00110111100101011101001011111011
00111011101011101110001000000100
00111000011111111101101010110100
00111001001010001111100011111111
00111001000001101100011100111000
00111101101000100001000111110000
00111010011001001100111001001001
