00100100010111001010011111111110
00100010101100111001000100101100
00100111010001011000111111010010
00100011100010101111101000001110
00100101110101101101001001100000
00100011011011010011000011111110
00100110001010000010100100101000
00100101010101011000010001101100
00100101100101011101001000111110
00100011100101000100001000100000
00100001001111101001001110110100
00100010110010000000110011101110
00100010011101110111110111011100
00100110011001101111101111111010
00100101001111101001101000100000
00100101011010001010011100111100
00100100111111000011000000010010
00100000000011101101101000000010
00100000111100000111011001101100
00100101100011100010001100111100
00100101100011010010001010010010
00100010001010101110100001010110
00100011000000011100010111100110
00100111011110001011010010101000
00100010110101101010110001100100
00100100010100110000111011010000
00100011100100101000100111010010
00100011110010010001111100010110
00100111010001110110011110001110
00100001001000100100000011110000
00100010110100011100011011001010
00100100110000011000001001100100
00100000001111101001100111010110
00100000101010000010001110001010
00100001001000111001100010010110
00100001111011110001100001100010
00100000110101110111101100111010
00011111110011010100001010111000
00100001110111111110100110100100
00100100111111101101100101010000
00011111111100100010001101001010
00100111000100101110000010011100
00100101001001111110000000001000
00100000111010010100111000100110
00100010000101011101000110110000
00100110101011110110100101001000
00100001000010010010111001011000
00100010101001010111101001011100
00100011010101010000001111101100
00100001011010011011100010110100
00100110101111100011011000011110
00100101101111001100011000110000
00100001101101001111111011001110
00100100010000001100110110100100
00100111011010000001110001000010
00100010101000110101011010100100
00100001011010110111110001101110
00100101101100001101101101101100
00100100111101001010011111100100
00100001100111100100010110110110
00100100001010011111100100011110
00100001100100111001010000010100
00100001110101111010001010101110
00100111010011110101100101100010
00100101110011101110011101110100
00100101011010000001011000100010
00100100100110010101001010000100
00100101011010000101101110000000
00100000010110110010010100001000
00100011011100110111110111010100
00100010101101101111100100100100
00100010100011100001001001001010
00100111010011111110110111111110
00100001110101000000000011110000
00100100010000010010110001000100
00100110101011111110110011000110
00100001011110110100011011010100
00100001100011101010001011011110
00100101010111011111011001000100
00100001111010000100001001111010
00100110100111000110000010011010
00011111100001010000011101101010
00100101101110010110110010000000
00100001110111000100000101011000
00100001110100010011010110000100
00100101011000011111100010111100
00100111001111100011100011100100
00100111001110000000001010111000
00011111111001001101100110010100
00100001010010110101111011100100
00100101011110111011110011100010
00100000001110011111101110111100
00100010001000011110100011100100
00100100100010010100101001010010
00100001110000100100100110110110
00100100101011010111111001000000
00100011110000011101010111111000
00100100010010111001100001100110
00100000101011110010011100101100
00100100000000101111100110111100
