01011001100110011010010101101000
01011000011110101001010011011110
01011100010001111100000011010100
01011110011011101011110111001100
01011100001001110011100011111100
01010111110010110011100101100110
01011000110000100110000110000000
01011100110110100001001111010110
01011001110001010010001010010000
01010111100010000100111100000010
01011011011101101000101011100110
01011101001000100111101100010100
01011100110110011100011110101110
01011111000111000011001001010010
01011010100100111000010111110100
01011100000111010101100010111110
01011101010100001011101111100010
01011100100111000001101001111000
01011000000000100001100111011010
01011111000010110011011011011000
01011110101011011000001110100000
01011001001101001010000100101100
01011000100111101101010000110110
01011010101011100110001101100110
01011001010101011001110000110100
01011010011011111000101101101000
01011000101011011010110110011010
01011101011001011010111111110000
01011001110001101110100101000000
01011111001010110000011100011100
01011101000000100000010110000010
01011100011010100000110111000010
01011000110110100100111000010010
01011100000100101101100110111000
01011010101000111100010110000000
01011010010110111110100101011000
01011000100011001100100011011010
01011110011001000111100010110100
01011000001110000011100101001100
01011111011001110100110100011010
01011001100101101000010011101000
01011010000001101101011110101010
01011100010011001111011000100010
01011110001010101100110000000100
01011100011001000000110101000100
01011101111011010000010111100010
01011110110001100100100110110100
01011101011000111011000011111110
01011101111111111011011000011000
01011001110010100101011010000010
01011001100110001001100110010010
01011110111001011011000011110010
01011010101110011010010111011110
01011100000001100000110100010000
01010111111100010010010001001000
01011011100001111010111110100110
01011101010111010000110010011000
01011011101110010010000110100100
01011110110001001011000011110110
01011110011110101111000100100100
01011000001011000000100010111010
01011101010101010010000111100110
01011101110000011011100110110110
01011111001111111111011001001010
01011100011011011000110000011100
01011100110001111011011010011000
01011101010101100111011010001110
01011110000010011111110101101110
01011000110001011110001111000110
01011001111001000011110011110010
01011011100100110100011010111000
01010111110111001011101000111110
01011011011010100101010011010110
01011101010110010000011110001100
01011100100010110111011110110010
01011100111000110101011111010010
01011110100111001100000001101000
01011011110011010110011001011000
01011011101110001111011111011110
01011000111001011101111100011000
01011100110101010110010111001000
01011111010111101100011111111000
01011001101110010110100011001100
01011011110011011010010101011010
01011001000010011001010100111100
01011001101000111011110010110010
01011000001110101100100000010000
01011111010000000011011001011010
01011111011111100110011101111000
01011110111110011110111111010010
01011111010110001111100111111000
01011111000101010111011010010010
01011101101000100101111001100010
01011101010010101110110110100000
01011101011000100001010110011100
01011111001101100011010111010110
01011111001010110001111110111100
01011010000101001101100001010010
01011010111000110010111100010110
01011101001011001110101000111010
