00101000010011010011110101011011
00101100011011000110000100000111
00101110100100110000111000011111
00101011001001110010100010000101
00101100001000001010110100100001
00101000100001101010011110101111
00101000101010111001110100110001
00101010001010010001101011101101
00101110011011001010101001000000
00101001000011100100110101111001
00101001001010100000000101000111
00101101100110011101001100000010
00101110010101101100010101111110
00101011110110010111110101110001
00101011010101100001010111100000
00101001111100110111010101100100
00101011011011001110101001011001
00101001100000111011011010011000
00101111001010001010001010101010
00101011110010001011011100010110
00101110000011101110101101100010
00101101010110010111101000100111
00101000110111000110001101100000
00101100101001110000100111011000
00101001100101111001101001010100
00101010100110010000111110111010
00101010101111101001100011001010
00101011000110001101001000100001
00101001011100000001110101111110
00101001011011100110000100010011
00101100101010000111100011101011
00101111010010011110110100010011
00101111000010011101000111101110
00101101100010011111011000100111
00101101001101010000001111100001
00101010100000011011010011110100
00101111011111101011111100110000
00101101100111001111001000000001
00101010010111001000100100111001
00101000001000110011101110011101
00101000101101011000111010011000
00101001101101100001010101110001
00101001100110101110101101110111
00101111001001000011010011110000
00101001001011001000111011110110
00101011000000101100000011101110
00101011010000001000011101100110
00100111111110111111001110000111
00101100011101101010010111000111
00101001010110000110011010101010
00101001100000000100100111000100
00101010111010010111111110011111
00101110011101000011101010100111
00101000111110100001111000101000
00101000110001000001100011000110
00101011101010000000011011001010
00101101101100000000110100100011
00101101001000101010001001001100
00101010111110100101100001111011
00101110110110010110010011011011
00101101111010000011110001111001
00101110100111111101011100011111
00101001010111010100000110010000
00101011100011111011101000011111
00101010110000001001101011001100
00101100010011000000010110111111
00101010110110000000101110001010
00101100100011101100001110110110
00101010110000000000101110011111
00101111000110100101110110100100
00101010000100011010010000001110
00101010110111001011100000011100
00101000111110011011101101011101
00100111101110011000101100011010
00101011110100010111000111000010
00101100000000101100011000101110
00100111111001111000010111111000
00101010111111110000011110010011
00101101001001101110000011101000
00101110011110000101010010001101
00101000110011101110111010101110
00101110001010001000110111101110
00101001001101111110011101101001
00101101111101111110111010011111
00101100101110000000100100000011
00101000110110101000110111011110
00101100100000100100100001111101
00101000111011011101011001011110
00100111110101100100010011001000
00100111110101001111000100100000
00101001000000100011101101000100
00101000110111100010001010100110
00101100100010011000100011000011
00101100011110101011100111010111
00101000110110001000010101010111
00101011011000000000101001101010
00101011010010010010101001001101
00101101011010000111001000001100
00101101100000110001000000000100
00101100000100010101101001001000
