00110001100111111011100011110011
00110011001010010001111101011001
00110110100011011100110111110110
00110111001011000110001110101100
00110110100010010110000001001111
00110010101101010110111010101000
00110100010011011001101101011111
00110011000001110101110010011100
00110011010101000100110110010111
00110110000010010111001101011111
00110000110110101111011000011100
00110000000011000000001010110011
00110110011110011110111111001010
00110100101110010001011110101011
00110010111111101100000110011000
00101111100110100110110001011011
00110011001000110100111110100010
00110010001101111010111010100011
00110100011001110100001101010000
00110001000001000001110010010011
00110110111010000000100101011111
00110101001000010111100011010010
00110001000100011011010010010000
00101111100001111001010111001001
00110010101111000010000010100100
00110101100110001000000010101011
00101111111110101111000101100011
00110100010101110100110000101101
00110101000001111101111000000101
00110011100111011000010010010001
00101111101010010111110111110001
00110011110011101001101110001110
00110001100101111100101111010110
00110100000110110001001001110011
00110100001000010110100011011010
00110011001001010001111110000101
00110101000111001110000100110111
00110110111010010100101000000011
00110011110000101111001000110010
00110011100000001010010010110100
00110000001101000100010100001001
00110011001000111000011101110000
00110000100010110010010001000010
00110010000011110001001010001010
00110001010000011011010111100000
00110001010110011101110001000111
00110110110100101001110111111110
00110110011110001011101000001101
00110100110111101100001101111001
00101111111110111110100101000100
00110100101011010110000000111000
00110111010100000101110010110000
00110110010000000101100011100001
00110100110101111111011001011001
00110100010100101001101111101111
00110101110100110011100000001101
00110000110111001010101110011000
00110101111111000111111110110110
00110100010010101000001110110011
00110101111101011101001010111000
00110011100100001001110111001011
00110111010000000011000101110101
00110101100000111101000111101111
00110110110101011111000000100000
00110100010010100101100001111010
00110001101000001111101011010001
00110000100101100111001011001000
00110110001100110000011001000010
00110110111110111001100001101100
00110101011010101001011110100000
00110110010011010011011110100010
00110101010111011111110010011010
00110001111000101001010001100000
00110000100011100100001100001110
00110001001110111110101101111001
00110111010110010111101111110010
00110011011110000001001001111011
00110101001000111000000111101101
00110000000101101001001010111111
00110010001101100110001110001110
00110001110111111000111111111011
00110101111100101101000100111011
00110000101100111010111101111011
00101111111000011110111001100001
00110011001111011101010010100010
00110010100100011101110010111110
00110011110010010111100001111100
00110011110101111000000100010100
00110101001110001010000111101011
00110000011111001111110011000010
00110111010110101110111000101010
00110001010100000001010011111111
00101111100010100111111001010101
00110000100011001101011011001010
00110100111011001010011001111111
00110101111010100101010000010100
00110101001110111010001000110111
00101111110010000101110100101110
00110011111100111101000111100110
00110111000101000010011100110111
