01000101011011101010011100111011
01000001010110001001010111111111
00111111101100000001001011000011
01000001011011110010111001101110
01000000010110110001111011100000
01000001100011000100110111101101
01000000010111110101010100110000
01000011111001110111110100111011
01000001100011001110011000100100
01000110111111111010011011101000
01000101100010000111101011011101
01000110010110001101100000000001
01000110100011001110001011100101
01000100000010010001100010100101
01000011101101001110111100010011
01000110010010010010101101101010
01000000001110111010100101111001
01000100101101001001010001110110
01000000111010110010101010001001
01000010010000100100001010110000
01000001101010010101111101010100
01000100111000110000010011111100
01000100101101010001010000101001
01000000000001010110011010110101
01000011101110111000110110010011
01000000010100011001101101100011
01000100010010010110010001101111
00111111101100010101110100001001
01000001001001101011101010100101
01000011101011010001111111101110
01000011001101001110001101100001
00111111100110010100010001001110
01000101110100100100110001010011
01000000100010101010110010101000
01000011000101001001001011010101
01000000110000111111101001100000
01000001110010011110100111101110
01000000111011101011110111100110
00111111101001101110010111000110
01000100010100101010100100000110
01000101110011111011110000111000
01000001010111111111010101101111
01000011000001111110011110000110
01000101101100010011010011101100
01000110000110100010001110001101
01000100000010101011001001011011
01000110100111110011010100011111
01000001110101110110010100101101
01000110111001000010101010110110
01000100000011101010100001000110
01000001000011001001011001011111
01000111001000101101011101111010
01000000101100000110011111000001
01000110100011011101111111100100
01000011100110010011011100110110
01000100101001111000110110010001
01000101110110001101101111001111
01000100010011011101101001000100
01000100110100100010011100110111
01000001100001010001110010010011
01000010001100001011001001100011
01000111010011011000111000001101
01000100010011101010010001100100
01000001111101101000000011101111
01000110100011101111001001011001
01000111000000010000110110001101
01000011000100010100101011001110
01000101111000000010110000011100
01000110001011110000101100010001
01000111011111000011110001110101
01000011100111100111011100001110
01000100110100111001001100110111
01000010100100000111011001111110
01000110000100110101001100001111
01000010001011001010100010000011
01000101010110111110001101011011
01000010011100111010010101011010
01000011100101100111111101010111
01000111011100101110101001011111
01000000110000101000001000110111
01000000001101000000001001001010
00111111111100110111010111100000
01000000111111110000001000011110
01000100101101111010100011010001
00111111110011100000000001010111
00111111101001001110001000111100
00111111111011010010001001111111
01000111010110111101101110111111
01000110110100111010100000011101
01000100011010110110111100111001
01000001111100111011000001001011
01000000010000001001101111110011
01000110101110100100010111001110
01000101010001100000011011011010
01000101101101111111010100001100
01000101000111101111001010001101
01000111001010000010110001100100
01000110001010011010011111010000
01000101001011000010000000010000
01000100000101101111110100110011
